9.399612913557903182e-01 9.408309627368833805e-01 8.727818727818728028e-01 8.633030214139043590e-01 9.215912366676275447e-01 8.029262466407882659e-01 8.288825512056001710e-01 7.307428428911707519e-01
9.593671065596810488e-01 9.634794585941892642e-01 9.126323218066337839e-01 9.092109122909943775e-01 9.319688671086768794e-01 8.856375037324574206e-01 8.940818584070796549e-01 8.189909747010976071e-01
9.543103762667765055e-01 9.632820870189153784e-01 9.199002217294899308e-01 9.152244059841595503e-01 9.567598731622946051e-01 8.722006569125112518e-01 8.857752868961835668e-01 8.329363617388987340e-01
9.626129822697373495e-01 9.686499396910622783e-01 9.229902857947346329e-01 9.197711938985039248e-01 9.449409051599885201e-01 8.936996118244252552e-01 9.020363236103466908e-01 8.403429736941476769e-01
9.602354334428718774e-01 9.671155543003804311e-01 9.236587757388989850e-01 9.200645350542681067e-01 9.504179878927644376e-01 8.886234696924455445e-01 8.983651226158038128e-01 8.413810954455388513e-01
9.624439807423457172e-01 9.676084667843779519e-01 9.251336898395723374e-01 9.219712525667350667e-01 9.475353127702508260e-01 8.954911914004179962e-01 9.037668408028595168e-01 8.447874770875634098e-01
9.564611344270713689e-01 9.653073621146939232e-01 9.259467040673212690e-01 9.225579348782634304e-01 9.515710579417699932e-01 8.925052254404299834e-01 9.016662114176454690e-01 8.462608815605977552e-01
9.611710884178316094e-01 9.683389912324154025e-01 9.241806161204108028e-01 9.209445585215605412e-01 9.469587777457481037e-01 8.939982084204239898e-01 9.024725274725274859e-01 8.427637913054637497e-01
9.626701613000052671e-01 9.676546894341478966e-01 9.251509619435471787e-01 9.218245819888530868e-01 9.495531853560104096e-01 8.931024186324275638e-01 9.019715224534501363e-01 8.446737491632457795e-01
9.615595459493455621e-01 9.674403179085395710e-01 9.229473684210526274e-01 9.194778527427398540e-01 9.478235802825021317e-01 8.901164526724395509e-01 8.993435448577680180e-01 8.400180862975509255e-01
9.611739132032451893e-01 9.669711192793124521e-01 9.245735231918793540e-01 9.215312408330889049e-01 9.452291726722398257e-01 8.969841743804121137e-01 9.048013245033112995e-01 8.437626421450022951e-01
9.608668013235313055e-01 9.664478220739578518e-01 9.234895539243365148e-01 9.205045467879143795e-01 9.429230325742289365e-01 8.972827709764108484e-01 9.048409405255878335e-01 8.416136692546575260e-01
9.601532134384523909e-01 9.659801728072926474e-01 9.230985124894751648e-01 9.196245233206218339e-01 9.481118477947535483e-01 8.901164526724395509e-01 8.993710691823899595e-01 8.403250598580659370e-01
9.618689069822912163e-01 9.679845745463315776e-01 9.249544115584232840e-01 9.215312408330889049e-01 9.504179878927644376e-01 8.916094356524335574e-01 9.008196721311475530e-01 8.441883494206740002e-01
9.633403258862502927e-01 9.688498074615751188e-01 9.268911114241442650e-01 9.238779700792021377e-01 9.484001153070048540e-01 8.984771573604061201e-01 9.063360881542700254e-01 8.485310380869003355e-01
9.592070432541794922e-01 9.663770678502877631e-01 9.280898876404494180e-01 9.249046641243766631e-01 9.524358604785240212e-01 8.963869811884144223e-01 9.049575458778417181e-01 8.508379124391994841e-01
9.595715019042366789e-01 9.663442730093898536e-01 9.213641488162344073e-01 9.181578175418011467e-01 9.423464975497261031e-01 8.931024186324275638e-01 9.012958367797077042e-01 8.370327366852283735e-01
9.588476772158320838e-01 9.669004080934913148e-01 9.246797127974096808e-01 9.215312408330889049e-01 9.466705102334966870e-01 8.954911914004179962e-01 9.036873968079252029e-01 8.438713064175985545e-01
9.609353272714478145e-01 9.667661300047745154e-01 9.270833333333333703e-01 9.240246406570842286e-01 9.492649178437589930e-01 8.978799641684084287e-01 9.059147180192572701e-01 8.488811467179406822e-01
9.634136131125456970e-01 9.679481645261218681e-01 9.227722772277228147e-01 9.199178644763860158e-01 9.403286249639665195e-01 8.987757539564048548e-01 9.058594834768119997e-01 8.403082357854096962e-01
