9.380552875368066701e-01 9.432214902947588797e-01 8.837529233732288603e-01 8.760451811647351761e-01 9.334495786108689686e-01 8.175355450236966304e-01 8.390804597701149170e-01 7.567038913045535109e-01
9.611302547794245976e-01 9.656369266759496917e-01 9.163888888888888085e-01 9.116913598357048176e-01 9.587329264748619684e-01 8.637440758293838394e-01 8.776270284650172782e-01 8.268227451234289038e-01
9.596265538678887541e-01 9.660872652196608179e-01 9.216231239577543644e-01 9.172656593809593861e-01 9.636733507701249479e-01 8.699644549763033696e-01 8.830892143808255490e-01 8.379409083517480594e-01
9.571383847074759199e-01 9.647753739062406853e-01 9.209458514061844570e-01 9.171189672876631782e-01 9.564080209241500041e-01 8.770734597156397694e-01 8.880194279546681502e-01 8.366364790923737083e-01
9.553589188834784585e-01 9.646081594130438974e-01 9.230769230769230171e-01 9.190259645005134370e-01 9.625108979947689658e-01 8.747037914691943028e-01 8.867469879518071751e-01 8.410441119615025274e-01
9.597959124283353960e-01 9.662781092512784387e-01 9.223246716960045166e-01 9.184391961273287164e-01 9.593141528625399594e-01 8.767772511848340722e-01 8.880817863868711859e-01 8.394990059879176014e-01
9.591666174945224776e-01 9.663449520075035881e-01 9.250069696124895158e-01 9.210796538066597927e-01 9.642545771578029390e-01 8.770734597156397694e-01 8.888293597642646926e-01 8.451284804037062504e-01
9.548636372096146463e-01 9.650603487220594801e-01 9.251681614349775984e-01 9.216664221798445134e-01 9.593141528625399594e-01 8.832938388625591886e-01 8.933694181326116146e-01 8.455620021883603066e-01
9.542796525652297301e-01 9.622665108924856048e-01 9.178177759173992145e-01 9.135983570485550764e-01 9.558267945364719020e-01 8.705568720379146530e-01 8.827160493827160836e-01 8.299546304333652591e-01
9.493991423466368040e-01 9.498193394816618618e-01 9.070446019174656094e-01 9.018629895848613298e-01 9.485614646904969582e-01 8.542654028436018621e-01 8.690095846645367050e-01 8.069952843046253044e-01
9.567103622108328320e-01 9.637661903227183746e-01 9.197755960729313562e-01 9.160921226345899449e-01 9.529206625980819467e-01 8.785545023696682554e-01 8.888587693141772883e-01 8.342671389525136982e-01
9.615972732068647222e-01 9.672634480911121990e-01 9.214835549335199660e-01 9.177057356608478988e-01 9.566986341179889441e-01 8.779620853080568610e-01 8.887688984881209064e-01 8.377770926645479177e-01
9.612542508630084193e-01 9.678370992533583683e-01 9.256918106475628960e-01 9.223998826463253309e-01 9.575704736995059863e-01 8.865521327014217468e-01 8.958673191952147841e-01 8.467351060938063112e-01
9.610976869414038504e-01 9.676938586270109610e-01 9.261801372741280680e-01 9.226932668329177467e-01 9.607672188317349926e-01 8.838862559241705830e-01 8.939967550027041465e-01 8.476781474795431759e-01
9.559521607613050698e-01 9.648443256740917295e-01 9.213735108619480751e-01 9.177057356608478988e-01 9.552455681487939110e-01 8.794431279620853470e-01 8.898213318895505930e-01 8.375941774328495848e-01
9.621177565122114306e-01 9.680294497218514538e-01 9.239815203695925794e-01 9.203461933401789752e-01 9.590235396687009084e-01 8.809241706161137220e-01 8.914100486223662800e-01 8.430407607234088330e-01
9.594214880854404770e-01 9.668631232516724516e-01 9.257556762780331239e-01 9.218131142731407213e-01 9.657076431269979722e-01 8.770734597156397694e-01 8.889780631353665363e-01 8.467083670805901630e-01
9.613346862183292929e-01 9.681797490809873619e-01 9.255274556378370043e-01 9.218131142731407213e-01 9.625108979947689658e-01 8.803317535545023276e-01 8.912809472551129764e-01 8.462551491309673324e-01
9.608247589520232390e-01 9.679914875125853468e-01 9.279530857302429325e-01 9.243068798591755897e-01 9.657076431269979722e-01 8.821090047393365108e-01 8.930395055092716916e-01 8.513638086997261656e-01
9.590528082579650171e-01 9.670781563554075033e-01 9.264129826524901690e-01 9.228399589262138436e-01 9.622202848009299148e-01 8.827014218009479052e-01 8.931750741839762364e-01 8.481419322730217036e-01
