9.312591544825209455e-01 9.363653496065857951e-01 8.840600028038693159e-01 8.787034320915224628e-01 9.184386833673172656e-01 8.384047267355981825e-01 8.521621621621621179e-01 7.595971989832706051e-01
9.557387046640551942e-01 9.607751853265356079e-01 9.124149659863945994e-01 9.093575828688764684e-01 9.376638508593067023e-01 8.806499261447562343e-01 8.884902014904775269e-01 8.199106033980864128e-01
9.615676187603428016e-01 9.658776726541118407e-01 9.222285067873303710e-01 9.193311821648577631e-01 9.498980483542091013e-01 8.883308714918759508e-01 8.961253091508656343e-01 8.401224435605970653e-01
9.608670395199431224e-01 9.656052279100105773e-01 9.208286038592509160e-01 9.181578175418011467e-01 9.452374016894844466e-01 8.906942392909896755e-01 8.976486860304287996e-01 8.374413135579535927e-01
9.594298156326243054e-01 9.654193527845340572e-01 9.230550419570474618e-01 9.206512173657964704e-01 9.452374016894844466e-01 8.957163958641063406e-01 9.018899388549194152e-01 8.422283557536645038e-01
9.570331309356379101e-01 9.640366914055558123e-01 9.161947904869761627e-01 9.131710178938104994e-01 9.426157879405767659e-01 8.833087149187592857e-01 8.912145414486367656e-01 8.276608879952409570e-01
9.569357912981734104e-01 9.643597354893699292e-01 9.187889077532541693e-01 9.158110882956879140e-01 9.458199825225750423e-01 8.853766617429837948e-01 8.932599724896835847e-01 8.330086142396493365e-01
9.613144398286389558e-01 9.665812874520091080e-01 9.187499999999999556e-01 9.161044294514519848e-01 9.420332071074861702e-01 8.898079763663220287e-01 8.965899639589686165e-01 8.332271876522167053e-01
9.595892023097487566e-01 9.663468782659916378e-01 9.193388896736827132e-01 9.162511000293340757e-01 9.478590154383921274e-01 8.841949778434269325e-01 8.924849149753154576e-01 8.340514197980861688e-01
9.545969467287693799e-01 9.650410194562206723e-01 9.249079059223574983e-01 9.222645937224992485e-01 9.507719196038449949e-01 8.933530280649926159e-01 9.004137931034482678e-01 8.458035610473547683e-01
9.596809314848177008e-01 9.668485689981803910e-01 9.263247378860867132e-01 9.237312995013200467e-01 9.522283716865714842e-01 8.948301329394386938e-01 9.017931034482759012e-01 8.487429516290025955e-01
9.631826709899981021e-01 9.684239467398921830e-01 9.252376223577811754e-01 9.227046054561455213e-01 9.498980483542091013e-01 8.951255539143279094e-01 9.018252212389380462e-01 8.465647926925261579e-01
9.595302706277001326e-01 9.656930453014683780e-01 9.222285067873303710e-01 9.193311821648577631e-01 9.498980483542091013e-01 8.883308714918759508e-01 8.961253091508656343e-01 8.401224435605970653e-01
9.601049218292500020e-01 9.670244189143428759e-01 9.245444191343964446e-01 9.222645937224992485e-01 9.458199825225750423e-01 8.983751846381092809e-01 9.042049568365357892e-01 8.453798938423299214e-01
9.619952709994048501e-01 9.677221820879197134e-01 9.263307310149041518e-01 9.238779700792021377e-01 9.504806291872996971e-01 8.968980797636632030e-01 9.033776301218161553e-01 8.488640791620826187e-01
9.637518729639735771e-01 9.686244509261699998e-01 9.278059785673998805e-01 9.249046641243766631e-01 9.583454704340227392e-01 8.909896602658788911e-01 8.991527739819622500e-01 8.516071685455723905e-01
9.606835839419396450e-01 9.665996168046603332e-01 9.227059991490569324e-01 9.200645350542681067e-01 9.475677250218468295e-01 8.921713441654357535e-01 8.991155334438916125e-01 8.413008489857929373e-01
9.586095418375133459e-01 9.665367978965130336e-01 9.254447896074554647e-01 9.225579348782634304e-01 9.545586950189338671e-01 8.901033973412112443e-01 8.980542614414908087e-01 8.467421729518134210e-01
9.536690289880057625e-01 9.640491691338863856e-01 9.230338650993562544e-01 9.193311821648577631e-01 9.606757937663851221e-01 8.774002954209748628e-01 8.882305413412334705e-01 8.414075632829786100e-01
9.551565833020352336e-01 9.658370554970631128e-01 9.233602493271001466e-01 9.206512173657964704e-01 9.493154675211185056e-01 8.915805022156573223e-01 8.987865416436845445e-01 8.425839224564176666e-01
