9.359172864281848359e-01 9.376423541946640183e-01 8.818129661503154582e-01 8.791434438251686245e-01 8.902403706921517834e-01 8.677563150074294462e-01 8.735436203466894201e-01 7.583284314424736383e-01
9.589071469237495648e-01 9.628637414587484233e-01 9.101779359430605121e-01 9.074508653564095084e-01 9.258615696495801073e-01 8.885586924219910365e-01 8.950167973124300014e-01 8.152849222019556974e-01
9.552007963973851989e-01 9.614458474208313898e-01 9.157759726378794651e-01 9.133176884716925903e-01 9.304952215464813436e-01 8.956909361069836928e-01 9.015151515151514916e-01 8.269725912892350594e-01
9.591693198904674977e-01 9.653537699414209694e-01 9.196542440130367480e-01 9.168377823408624394e-01 9.397625253402838164e-01 8.933135215453195110e-01 9.003884572697002930e-01 8.343728109472173804e-01
9.620432729599746047e-01 9.665225965835424482e-01 9.208816049731562980e-01 9.178644763860369649e-01 9.438169707500724259e-01 8.912332838038633520e-01 8.990344827586206344e-01 8.366618595362165234e-01
9.598261278907443961e-01 9.657875293314724940e-01 9.193022266345198812e-01 9.165444411850982576e-01 9.386041123660584518e-01 8.939078751857355565e-01 9.007782101167315369e-01 8.337249605228789218e-01
9.571334709376970729e-01 9.636326746473231619e-01 9.186957140823009960e-01 9.162511000293340757e-01 9.342600637127135288e-01 8.977711738484398518e-01 9.036414565826330625e-01 8.328913212501319885e-01
9.608958468649906326e-01 9.669022221132086425e-01 9.211676773374700700e-01 9.180111469639190558e-01 9.458441934549667307e-01 8.894502228826151047e-01 8.977460142935679288e-01 8.371157139899386701e-01
9.611664503443215768e-01 9.670186228225429170e-01 9.233172394206190514e-01 9.207978879436784503e-01 9.415001448016218077e-01 8.995542347696879881e-01 9.058233491223182110e-01 8.421591050613980167e-01
9.598455056358904391e-01 9.663073951242519000e-01 9.182514902072097529e-01 9.155177471399237321e-01 9.368664929047205714e-01 8.936106983655275338e-01 9.003618146395769850e-01 8.316202666734767712e-01
9.605783660696173287e-01 9.671872209664140740e-01 9.220742419948994018e-01 9.193311821648577631e-01 9.423689545322907479e-01 8.956909361069836928e-01 9.026352288488210807e-01 8.393785795316114351e-01
9.524319924934462334e-01 9.633455242098414306e-01 9.176937243235586683e-01 9.147843942505133885e-01 9.380249058789458250e-01 8.909361069836553293e-01 8.982251802551303177e-01 8.302794702265984261e-01
9.576851759727609270e-01 9.655031329218644043e-01 9.211045364891518039e-01 9.178644763860369649e-01 9.467130031856356709e-01 8.882615156017830138e-01 8.968449931412894038e-01 8.369128637921411373e-01
9.544887993692067196e-01 9.647135445242395191e-01 9.181155356141335044e-01 9.143443825168671157e-01 9.481610194034173489e-01 8.796433878157503550e-01 8.899157379722750782e-01 8.303439122475213541e-01
9.546110167058469154e-01 9.634373107950576776e-01 9.199097574732092442e-01 9.166911117629803485e-01 9.446857804807413661e-01 8.879643387815749911e-01 8.964001099203078304e-01 8.344822056518117481e-01
9.561539376993525297e-01 9.656308939961761872e-01 9.185539457026304921e-01 9.150777354062774593e-01 9.455545902114104173e-01 8.838038632986626730e-01 8.930525164113785053e-01 8.314747645775592000e-01
9.579221340700395659e-01 9.655875610888565719e-01 9.213165701370249483e-01 9.183044881196832376e-01 9.443961772371850527e-01 8.915304606240713747e-01 8.993381136238278728e-01 8.375556006000807185e-01
9.558923326373374163e-01 9.642394214131690955e-01 9.167140420693575820e-01 9.140510413611029339e-01 9.339704604691572154e-01 8.936106983655275338e-01 9.000837287189505931e-01 8.285922588859965243e-01
9.620732194808252480e-01 9.673359384715747300e-01 9.212464589235127566e-01 9.184511586975652175e-01 9.417897480451781211e-01 8.945022288261516019e-01 9.015802606043803458e-01 8.376363772736441504e-01
9.602726493575913791e-01 9.678164302721021794e-01 9.238808077955090736e-01 9.209445585215605412e-01 9.472922096727482977e-01 8.939078751857355565e-01 9.015986769570011328e-01 8.428710754812652750e-01
