9.350014939511337442e-01 9.369760130013521371e-01 8.658199889563776841e-01 8.574152853161214338e-01 9.053117782909930744e-01 8.079331941544884987e-01 8.296296296296296058e-01 7.174243973365798110e-01
9.576725762382698459e-01 9.628316202304785243e-01 9.110799438990182519e-01 9.069972128502273856e-01 9.376443418013856723e-01 8.753355204294661629e-01 8.859792689579923941e-01 8.152016961269276107e-01
9.591896652714162474e-01 9.650795296205046947e-01 9.154592769728513435e-01 9.118380519290010255e-01 9.393764434180138512e-01 8.833880107366537393e-01 8.927297668038408629e-01 8.246428225670678902e-01
9.588735621702072498e-01 9.642949697248129892e-01 9.182514902072098639e-01 9.155053542614053352e-01 9.338914549653579700e-01 8.965105875335520613e-01 9.031267448352875427e-01 8.313697031248459268e-01
9.573949699904995558e-01 9.641348721526825649e-01 9.195466629354974719e-01 9.156520463547014321e-01 9.486143187066974347e-01 8.815985684461675742e-01 8.922074395872929831e-01 8.328078945993215854e-01
9.595085735457109521e-01 9.674629128098031217e-01 9.243673982944218270e-01 9.206395775267712800e-01 9.543879907621246605e-01 8.857739337906352928e-01 8.961778259690973414e-01 8.429096276796388398e-01
9.577203236090212624e-01 9.668966951797329790e-01 9.203415931681366846e-01 9.165321989144784576e-01 9.489030023094687794e-01 8.830897703549061006e-01 8.934493068768687429e-01 8.345145411686180070e-01
9.609224857219830218e-01 9.681016672532749556e-01 9.249333520415320420e-01 9.215197300865483054e-01 9.515011547344111031e-01 8.905457798985982887e-01 8.998088998088997759e-01 8.442920769412101123e-01
9.614373538129737939e-01 9.678008870068444125e-01 9.205903021784961338e-01 9.171189672876631782e-01 9.454387990762124216e-01 8.878616164628690965e-01 8.970145165708025559e-01 8.353066618105262631e-01
9.572822539109537843e-01 9.663569524103402530e-01 9.181653422556809163e-01 9.138917412351473812e-01 9.506351039260969582e-01 8.759320011929615513e-01 8.878403882448099305e-01 8.296882015816690048e-01
9.607410051945932672e-01 9.680880639102277252e-01 9.236149972020145649e-01 9.199061170602904625e-01 9.529445727482679374e-01 8.857739337906352928e-01 8.960369163952225380e-01 8.413601457143327078e-01
9.611150080767153492e-01 9.677084187129654236e-01 9.224741113909880053e-01 9.187325803139211322e-01 9.515011547344111031e-01 8.848792126453921547e-01 8.951656708310701260e-01 8.389747369925842913e-01
9.579190180324258508e-01 9.666284165915325355e-01 9.226869455006337928e-01 9.194660407804019497e-01 9.457274826789838773e-01 8.923352221890844538e-01 9.007423700852350557e-01 8.398409025630249047e-01
9.598096195431069511e-01 9.669486117357934951e-01 9.224979091162531786e-01 9.184391961273287164e-01 9.552540415704388055e-01 8.804056069191769085e-01 8.919137466307277551e-01 8.388369815837892762e-01
9.599839275176088593e-01 9.676270569460047044e-01 9.213230119634060467e-01 9.179991198474402037e-01 9.448614318706697324e-01 8.902475395168505390e-01 8.989288656962373114e-01 8.369476249451553995e-01
9.606236426973395748e-01 9.677172006179706187e-01 9.230334698488914524e-01 9.200528091535866704e-01 9.434180138568128982e-01 8.959141067700566730e-01 9.035111971246889695e-01 8.407953833748084138e-01
9.599429729003908784e-01 9.681695548228500536e-01 9.263838156785613176e-01 9.231333431128062594e-01 9.517898383371824478e-01 8.935281837160751195e-01 9.022988505747125965e-01 8.474068671641874495e-01
9.624416034616063431e-01 9.686512681415216930e-01 9.264952487423141481e-01 9.228399589262138436e-01 9.569861431870669843e-01 8.875633760811213469e-01 8.978873239436619969e-01 8.473736995652582094e-01
9.605130145532824182e-01 9.673744480314412364e-01 9.248215035699285380e-01 9.212263458999560006e-01 9.535219399538106266e-01 8.878616164628690965e-01 8.977983147594454927e-01 8.439337883685329444e-01
9.600919895083914746e-01 9.672728534441255022e-01 9.232711460232851941e-01 9.197594249669942545e-01 9.500577367205542689e-01 8.884580972263644849e-01 8.979536152796725457e-01 8.407887506798291666e-01
